orange  9
brown   8
dgreen  4
lgreen 12

14 x 10 (before padding)

20 x 12 (3 horiz and 1 vert padding on each side)
 or
20 x 16 (3 horiz and 3 vert)

todo: try it out!

       ooo
      o--o
  xxxxo-oxxx
 x  x  oox  x
x  x      x  x
x  x      x  x
x  x      x  x
x  x      x  x
 x  x    x  x
  xxxxxxxxxx

 2000 data  0, 0, 0, 0, 0, 0, 0,04,04,04, 0, 0, 0, 0,
 2000 data  0, 0, 0, 0, 0, 0,04,12,12,04, 0, 0, 0, 0,
 2000 data  0, 0,08,08,08,08,04,12,04,08,08,08, 0, 0,
 2000 data  0,08,09,09,08,09,09,04,04,08,09,09,08, 0,
 2000 data 08,09,09,08,09,09,09,09,09,09,08,09,09,08,
 2000 data 08,09,09,08,09,09,09,09,09,09,08,09,09,08,
 2000 data 08,09,09,08,09,09,09,09,09,09,08,09,09,08,
 2000 data 08,09,09,08,09,09,09,09,09,09,08,09,09,08,
 2000 data  0,08,09,09,08,09,09,09,09,08,09,09,08, 0,
 2000 data  0, 0,08,08,08,08,08,08,08,08,08,08, 0, 0,
